9.999999974752427079e-07
9.999999974752427079e-07
9.999999974752427079e-07
9.999999974752427079e-07
9.999999974752427079e-07
9.999999974752427079e-07
9.999999974752427079e-07
9.999999974752427079e-07
9.999999974752427079e-07
9.999999974752427079e-07
9.999999974752427079e-07
9.999999974752427079e-07
9.999999974752427079e-07
9.999999974752427079e-07
9.999999974752427079e-07
9.999999974752427079e-07
9.999999974752427079e-07
9.999999974752427079e-07
9.999999974752427079e-07
9.999999974752427079e-07
9.999999974752427079e-07
9.999999974752427079e-07
9.999999974752427079e-07
9.999999974752427079e-07
9.999999974752427079e-07
9.999999974752427079e-07
9.999999974752427079e-07
9.999999974752427079e-07
9.999999974752427079e-07
9.999999974752427079e-07
9.999999974752427079e-07
9.999999974752427079e-07
9.999999974752427079e-07
1.412194478689343669e-06
1.824388959903444629e-06
1.372650294797495008e-04
2.727056562434881926e-04
7.396439905278384686e-04
1.547086983919143677e-03
3.005109494552016258e-03
4.463132005184888840e-03
6.700986530631780624e-03
9.816853329539299011e-03
1.293272059410810471e-02
1.697422191500663757e-02
2.163508161902427673e-02
2.693554759025573730e-02
3.281665965914726257e-02
3.926842287182807922e-02
4.619018360972404480e-02
5.353686958551406860e-02
6.121980771422386169e-02
6.907908618450164795e-02
7.704062759876251221e-02
8.495976775884628296e-02
9.267704188823699951e-02
1.000616103410720825e-01
1.069286242127418518e-01
1.131407320499420166e-01
1.185692176222801208e-01
1.230742335319519043e-01
1.265569329261779785e-01
1.289275735616683960e-01
1.301264166831970215e-01
1.301264166831970215e-01
1.289275735616683960e-01
1.265569329261779785e-01
1.230742335319519043e-01
1.185692176222801208e-01
1.131407320499420166e-01
1.069286242127418518e-01
1.000616103410720825e-01
9.267704188823699951e-02
8.495976775884628296e-02
7.704062759876251221e-02
6.907908618450164795e-02
6.121980771422386169e-02
5.353686958551406860e-02
4.619018360972404480e-02
3.926842287182807922e-02
3.281665965914726257e-02
2.693554759025573730e-02
2.163508161902427673e-02
1.697422191500663757e-02
1.293272059410810471e-02
9.816853329539299011e-03
6.700986530631780624e-03
4.463132005184888840e-03
3.005109494552016258e-03
1.547086983919143677e-03
7.396439905278384686e-04
2.727056562434881926e-04
1.372650294797495008e-04
1.824388959903444629e-06
1.412194478689343669e-06
1.206097294925712049e-06
1.103048589357058518e-06
1.051524350259569474e-06
1.025762230710824952e-06
1.012881057249614969e-06
1.006440470519009978e-06
1.003220177153707482e-06
1.001610144157893956e-06
1.000805013973149471e-06
1.000402562567614950e-06
1.000201336864847690e-06
1.000100610326626338e-06
1.000050360744353384e-06
1.000025122266379185e-06
1.000012616714229807e-06
1.000006250251317397e-06
1.000003067019861192e-06
1.000001475404133089e-06
1.000000793283106759e-06
1.000000338535755873e-06
1.000000111162080429e-06
1.000000111162080429e-06
1.000000111162080429e-06
1.000000111162080429e-06
1.000000111162080429e-06
1.000000111162080429e-06
1.000000111162080429e-06
1.000000111162080429e-06
1.000000111162080429e-06
1.000000111162080429e-06
1.000000111162080429e-06
1.000000111162080429e-06
9.999999974752427079e-07
