-1.499718018749263138e-05
-1.499718018749263138e-05
-1.499718018749263138e-05
-1.499718018749263138e-05
-1.499718018749263138e-05
-1.499718018749263138e-05
-1.499718018749263138e-05
-1.499718018749263138e-05
-1.499718018749263138e-05
-1.499718018749263138e-05
-1.499718018749263138e-05
-1.499718018749263138e-05
-1.499718018749263138e-05
-1.499718018749263138e-05
-1.499718018749263138e-05
-1.499718018749263138e-05
-1.499718018749263138e-05
-1.499718018749263138e-05
-1.499718018749263138e-05
-1.499718018749263138e-05
-1.499718018749263138e-05
-1.499718018749263138e-05
-1.499718018749263138e-05
-1.499718018749263138e-05
-1.499718018749263138e-05
-1.499718018749263138e-05
-1.499718018749263138e-05
-1.499718018749263138e-05
-1.499718018749263138e-05
-1.499718018749263138e-05
-1.499718018749263138e-05
-1.499718018749263138e-05
-1.499718018749263138e-05
-1.499718018749263138e-05
-1.499718018749263138e-05
-1.499718018749263138e-05
-1.499718018749263138e-05
-1.499718018749263138e-05
-1.499718018749263138e-05
-1.499718018749263138e-05
-1.499718018749263138e-05
-1.499718018749263138e-05
-1.499718018749263138e-05
-1.468009213567711413e-05
-1.431492273695766926e-05
-1.392510330333607271e-05
-1.350706679659197107e-05
-1.305735804635332897e-05
-1.257271560461958870e-05
-1.205019088956760243e-05
-1.148725004895823076e-05
-1.088173576135886833e-05
-1.023219738272018731e-05
-9.537845471641048789e-06
-8.798509043117519468e-06
-8.014881132112350315e-06
-7.188476502051344141e-06
-6.321703040157444775e-06
-5.417881311586825177e-06
-4.481086762098129839e-06
-3.516154492899659090e-06
-2.528596496631507762e-06
-1.524458298263198230e-06
-5.102091904518601950e-07
5.102091904518601950e-07
1.524458298263198230e-06
2.528596496631507762e-06
3.516154492899659090e-06
4.481086762098129839e-06
5.417881311586825177e-06
6.321703040157444775e-06
7.188476502051344141e-06
8.014881132112350315e-06
8.798509043117519468e-06
9.537845471641048789e-06
1.023219738272018731e-05
1.088173576135886833e-05
1.148725004895823076e-05
1.205019088956760243e-05
1.257271560461958870e-05
1.305735804635332897e-05
1.350706679659197107e-05
1.392510330333607271e-05
1.431492273695766926e-05
1.468009213567711413e-05
1.499718018749263138e-05
1.499718018749263138e-05
1.499718018749263138e-05
1.499718018749263138e-05
1.499718018749263138e-05
1.499718018749263138e-05
1.499718018749263138e-05
1.499718018749263138e-05
1.499718018749263138e-05
1.499718018749263138e-05
1.499718018749263138e-05
1.499718018749263138e-05
1.499718018749263138e-05
1.499718018749263138e-05
1.499718018749263138e-05
1.499718018749263138e-05
1.499718018749263138e-05
1.499718018749263138e-05
1.499718018749263138e-05
1.499718018749263138e-05
1.499718018749263138e-05
1.499718018749263138e-05
1.499718018749263138e-05
1.499718018749263138e-05
1.499718018749263138e-05
1.499718018749263138e-05
1.499718018749263138e-05
1.499718018749263138e-05
1.499718018749263138e-05
1.499718018749263138e-05
1.499718018749263138e-05
1.499718018749263138e-05
1.499718018749263138e-05
1.499718018749263138e-05
1.499718018749263138e-05
1.499718018749263138e-05
1.499718018749263138e-05
1.499718018749263138e-05
1.499718018749263138e-05
1.499718018749263138e-05
1.499718018749263138e-05
1.499718018749263138e-05
1.499718018749263138e-05
