-2.004218673706054688e+01
-1.972656250000000000e+01
-1.941093826293945312e+01
-1.909531211853027344e+01
-1.877968788146972656e+01
-1.846406173706054688e+01
-1.814843750000000000e+01
-1.783281326293945312e+01
-1.751718711853027344e+01
-1.720156288146972656e+01
-1.688593673706054688e+01
-1.657031250000000000e+01
-1.625468826293945312e+01
-1.593906211853027344e+01
-1.562343788146972656e+01
-1.530781173706054688e+01
-1.499218750000000000e+01
-1.467656326293945312e+01
-1.436093711853027344e+01
-1.404531288146972656e+01
-1.372968673706054688e+01
-1.341406250000000000e+01
-1.309843826293945312e+01
-1.278281211853027344e+01
-1.246718788146972656e+01
-1.215156173706054688e+01
-1.183593750000000000e+01
-1.152031326293945312e+01
-1.120468711853027344e+01
-1.088906288146972656e+01
-1.057343673706054688e+01
-1.025781250000000000e+01
-9.942188262939453125e+00
-9.626562118530273438e+00
-9.310937881469726562e+00
-8.995311737060546875e+00
-8.679687500000000000e+00
-8.364063262939453125e+00
-8.048437118530273438e+00
-7.732812404632568359e+00
-7.417187690734863281e+00
-7.101562500000000000e+00
-6.785937309265136719e+00
-6.470312595367431641e+00
-6.154687404632568359e+00
-5.839062690734863281e+00
-5.523437500000000000e+00
-5.207812309265136719e+00
-4.892187595367431641e+00
-4.576562404632568359e+00
-4.260937690734863281e+00
-3.945312500000000000e+00
-3.629687309265136719e+00
-3.314062595367431641e+00
-2.998437404632568359e+00
-2.682812690734863281e+00
-2.367187500000000000e+00
-2.051562309265136719e+00
-1.735937476158142090e+00
-1.420312523841857910e+00
-1.104687452316284180e+00
-7.890625000000000000e-01
-4.734375178813934326e-01
-1.578125059604644775e-01
1.578125059604644775e-01
4.734375178813934326e-01
7.890625000000000000e-01
1.104687452316284180e+00
1.420312523841857910e+00
1.735937476158142090e+00
2.051562309265136719e+00
2.367187500000000000e+00
2.682812690734863281e+00
2.998437404632568359e+00
3.314062595367431641e+00
3.629687309265136719e+00
3.945312500000000000e+00
4.260937690734863281e+00
4.576562404632568359e+00
4.892187595367431641e+00
5.207812309265136719e+00
5.523437500000000000e+00
5.839062690734863281e+00
6.154687404632568359e+00
6.470312595367431641e+00
6.785937309265136719e+00
7.101562500000000000e+00
7.417187690734863281e+00
7.732812404632568359e+00
8.048437118530273438e+00
8.364063262939453125e+00
8.679687500000000000e+00
8.995311737060546875e+00
9.310937881469726562e+00
9.626562118530273438e+00
9.942188262939453125e+00
1.025781250000000000e+01
1.057343673706054688e+01
1.088906288146972656e+01
1.120468711853027344e+01
1.152031326293945312e+01
1.183593750000000000e+01
1.215156173706054688e+01
1.246718788146972656e+01
1.278281211853027344e+01
1.309843826293945312e+01
1.341406250000000000e+01
1.372968673706054688e+01
1.404531288146972656e+01
1.436093711853027344e+01
1.467656326293945312e+01
1.499218750000000000e+01
1.530781173706054688e+01
1.562343788146972656e+01
1.593906211853027344e+01
1.625468826293945312e+01
1.657031250000000000e+01
1.688593673706054688e+01
1.720156288146972656e+01
1.751718711853027344e+01
1.783281326293945312e+01
1.814843750000000000e+01
1.846406173706054688e+01
1.877968788146972656e+01
1.909531211853027344e+01
1.941093826293945312e+01
1.972656250000000000e+01
2.004218673706054688e+01
