1.000000224848918151e-06
1.000000224848918151e-06
1.000000224848918151e-06
1.000000224848918151e-06
1.000000224848918151e-06
1.000000224848918151e-06
1.000000224848918151e-06
1.000000224848918151e-06
1.000000224848918151e-06
1.000000224848918151e-06
1.000000224848918151e-06
1.000000224848918151e-06
1.000000224848918151e-06
1.000000224848918151e-06
1.000000224848918151e-06
1.000000224848918151e-06
1.000000224848918151e-06
1.000000224848918151e-06
1.000000224848918151e-06
1.000000224848918151e-06
1.000000224848918151e-06
1.000000224848918151e-06
1.000000224848918151e-06
1.000000224848918151e-06
1.000000224848918151e-06
1.000000224848918151e-06
1.000000224848918151e-06
1.000000224848918151e-06
1.000000224848918151e-06
1.000000224848918151e-06
1.000000224848918151e-06
1.000000224848918151e-06
1.000000224848918151e-06
1.000000224848918151e-06
1.000000224848918151e-06
1.000000224848918151e-06
1.000000224848918151e-06
1.000000224848918151e-06
1.000000224848918151e-06
1.000000224848918151e-06
1.000000224848918151e-06
1.000000224848918151e-06
1.000000224848918151e-06
1.000000224848918151e-06
1.000000224848918151e-06
1.000000224848918151e-06
1.000000224848918151e-06
1.000000224848918151e-06
1.000000224848918151e-06
1.000000224848918151e-06
1.000000224848918151e-06
1.000000224848918151e-06
1.000000224848918151e-06
1.364376657875254750e-06
5.695277195627568290e-06
1.483917094446951523e-05
3.047706923098303378e-05
5.420082379714585841e-05
8.777331822784617543e-05
1.321567688137292862e-04
1.892829168355092406e-04
2.606475900392979383e-04
3.470748779363930225e-04
4.496266483329236507e-04
5.700890906155109406e-04
7.087200647220015526e-04
8.673426927998661995e-04
1.045804354362189770e-03
1.247265492565929890e-03
1.470089424401521683e-03
1.714643207378685474e-03
1.984525239095091820e-03
2.277052029967308044e-03
2.596108475700020790e-03
2.938296878710389137e-03
3.307771170511841774e-03
3.700420726090669632e-03
4.120648372918367386e-03
4.566143732517957687e-03
5.036630202084779739e-03
5.534439813345670700e-03
6.056544370949268341e-03
6.605214439332485199e-03
7.176964543759822845e-03
7.773981429636478424e-03
8.392362855374813080e-03
9.034194052219390869e-03
9.701705537736415863e-03
1.038723159581422806e-02
1.109266187995672226e-02
1.181654538959264755e-02
1.255729980766773224e-02
1.331667788326740265e-02
1.408943720161914825e-02
1.487709768116474152e-02
1.567414589226245880e-02
1.647843606770038605e-02
1.729455776512622833e-02
1.811665482819080353e-02
1.893890835344791412e-02
1.976540870964527130e-02
2.059015817940235138e-02
2.141359262168407440e-02
2.222968265414237976e-02
2.304161898791790009e-02
2.384036593139171600e-02
2.462870068848133087e-02
2.540067024528980255e-02
2.615836635231971741e-02
2.689338102936744690e-02
2.760749682784080505e-02
2.829727157950401306e-02
2.896142192184925079e-02
2.959457412362098694e-02
3.019729629158973694e-02
3.076770715415477753e-02
3.130218759179115295e-02
3.179886564612388611e-02
3.225680813193321228e-02
3.267354145646095276e-02
3.304839506745338440e-02
3.337917104363441467e-02
3.366538509726524353e-02
3.390494361519813538e-02
3.409802541136741638e-02
3.424325212836265564e-02
3.434028849005699158e-02
3.438862785696983337e-02
3.438862785696983337e-02
3.434028849005699158e-02
3.424325212836265564e-02
3.409802541136741638e-02
3.390494361519813538e-02
3.366538509726524353e-02
3.337917104363441467e-02
3.304839506745338440e-02
3.267354145646095276e-02
3.225680813193321228e-02
3.179886564612388611e-02
3.130218759179115295e-02
3.076770715415477753e-02
3.019729629158973694e-02
2.959457412362098694e-02
2.896142192184925079e-02
2.829727157950401306e-02
2.760749682784080505e-02
2.689338102936744690e-02
2.615836635231971741e-02
2.540067024528980255e-02
2.462870068848133087e-02
2.384036593139171600e-02
2.304161898791790009e-02
2.222968265414237976e-02
2.141359262168407440e-02
2.059015817940235138e-02
1.976540870964527130e-02
1.893890835344791412e-02
1.811665482819080353e-02
1.729455776512622833e-02
1.647843606770038605e-02
1.567414589226245880e-02
1.487709768116474152e-02
1.408943720161914825e-02
1.331667788326740265e-02
1.255729980766773224e-02
1.181654538959264755e-02
1.109266187995672226e-02
1.038723159581422806e-02
9.701705537736415863e-03
9.034194052219390869e-03
8.392362855374813080e-03
7.773981429636478424e-03
7.176964543759822845e-03
6.605214439332485199e-03
6.056544370949268341e-03
5.534439813345670700e-03
5.036630202084779739e-03
4.566143732517957687e-03
4.120648372918367386e-03
3.700420726090669632e-03
3.307771170511841774e-03
2.938296878710389137e-03
2.596108475700020790e-03
2.277052029967308044e-03
1.984525239095091820e-03
1.714643207378685474e-03
1.470089424401521683e-03
1.247265492565929890e-03
1.045804354362189770e-03
8.673426927998661995e-04
7.087200647220015526e-04
5.700890906155109406e-04
4.496266483329236507e-04
3.470748779363930225e-04
2.606475900392979383e-04
1.892829168355092406e-04
1.321567688137292862e-04
8.777331822784617543e-05
5.420082379714585841e-05
3.047706923098303378e-05
1.483917094446951523e-05
5.695277195627568290e-06
1.364376657875254750e-06
1.000000224848918151e-06
1.000000224848918151e-06
1.000000224848918151e-06
1.000000224848918151e-06
1.000000224848918151e-06
1.000000224848918151e-06
1.000000224848918151e-06
1.000000224848918151e-06
1.000000224848918151e-06
1.000000224848918151e-06
1.000000224848918151e-06
1.000000224848918151e-06
1.000000224848918151e-06
1.000000224848918151e-06
1.000000224848918151e-06
1.000000224848918151e-06
1.000000224848918151e-06
1.000000224848918151e-06
1.000000224848918151e-06
1.000000224848918151e-06
1.000000224848918151e-06
1.000000224848918151e-06
1.000000224848918151e-06
1.000000224848918151e-06
1.000000224848918151e-06
1.000000224848918151e-06
1.000000224848918151e-06
1.000000224848918151e-06
1.000000224848918151e-06
1.000000224848918151e-06
1.000000224848918151e-06
1.000000224848918151e-06
1.000000224848918151e-06
1.000000224848918151e-06
1.000000224848918151e-06
1.000000224848918151e-06
1.000000224848918151e-06
1.000000224848918151e-06
1.000000224848918151e-06
1.000000224848918151e-06
1.000000224848918151e-06
1.000000224848918151e-06
1.000000224848918151e-06
1.000000224848918151e-06
1.000000224848918151e-06
1.000000224848918151e-06
1.000000224848918151e-06
1.000000224848918151e-06
1.000000224848918151e-06
1.000000224848918151e-06
1.000000224848918151e-06
1.000000224848918151e-06
1.000000224848918151e-06
