-6.946179928490892053e-05
-6.946179928490892053e-05
-6.946179928490892053e-05
-6.946179928490892053e-05
-6.946179928490892053e-05
-6.946179928490892053e-05
-6.946179928490892053e-05
-6.946179928490892053e-05
-6.946179928490892053e-05
-6.946179928490892053e-05
-6.946179928490892053e-05
-6.946179928490892053e-05
-6.946179928490892053e-05
-6.946179928490892053e-05
-6.946179928490892053e-05
-6.946179928490892053e-05
-6.946179928490892053e-05
-6.946179928490892053e-05
-6.946179928490892053e-05
-6.946179928490892053e-05
-6.946179928490892053e-05
-6.946179928490892053e-05
-6.946179928490892053e-05
-6.946179928490892053e-05
-6.946179928490892053e-05
-6.946179928490892053e-05
-6.946179928490892053e-05
-6.946179928490892053e-05
-6.946179928490892053e-05
-6.946179928490892053e-05
-6.946179928490892053e-05
-6.946179928490892053e-05
-6.946179928490892053e-05
-6.946179928490892053e-05
-6.946179928490892053e-05
-6.946179928490892053e-05
-6.946179928490892053e-05
-6.946179928490892053e-05
-6.946179928490892053e-05
-6.946179928490892053e-05
-6.946179928490892053e-05
-6.946179928490892053e-05
-6.946179928490892053e-05
-6.946179928490892053e-05
-6.946179928490892053e-05
-6.946179928490892053e-05
-6.946179928490892053e-05
-6.946179928490892053e-05
-6.946179928490892053e-05
-6.946179928490892053e-05
-6.946179928490892053e-05
-6.946179928490892053e-05
-6.946179928490892053e-05
-6.946179928490892053e-05
-6.946179928490892053e-05
-6.946179928490892053e-05
-6.946179928490892053e-05
-6.798049435019493103e-05
-6.751478940714150667e-05
-6.704779661959037185e-05
-6.657913763774558902e-05
-6.610836135223507881e-05
-6.563499482581391931e-05
-6.515852146549150348e-05
-6.467838102253153920e-05
-6.419398414436727762e-05
-6.370469782268628478e-05
-6.320987449726089835e-05
-6.270880112424492836e-05
-6.220076465979218483e-05
-6.168503750814124942e-05
-6.116085569374263287e-05
-6.062742977519519627e-05
-6.008395939716137946e-05
-5.952962237643077970e-05
-5.896358925383538008e-05
-5.838503420818597078e-05
-5.779312050435692072e-05
-5.718698594137094915e-05
-5.656579742208123207e-05
-5.592869274551048875e-05
-5.527484609046950936e-05
-5.460339889395982027e-05
-5.391355080064386129e-05
-5.320450145518407226e-05
-5.247548324405215681e-05
-5.172577220946550369e-05
-5.095454253023490310e-05
-5.016109571442939341e-05
-4.934480239171534777e-05
-4.850501863984391093e-05
-4.764119876199401915e-05
-4.675273157772608101e-05
-4.583910049404948950e-05
-4.489985076361335814e-05
-4.393456401885487139e-05
-4.294298560125753284e-05
-4.192479536868631840e-05
-4.087970228283666074e-05
-3.980760084232315421e-05
-3.870843647746369243e-05
-3.758214734261855483e-05
-3.642879528342746198e-05
-3.524853309500031173e-05
-3.404152084840461612e-05
-3.280807504779659212e-05
-3.154857404297217727e-05
-3.026342892553657293e-05
-2.895318175433203578e-05
-2.761842915788292885e-05
-2.625987508508842438e-05
-2.487826714059337974e-05
-2.347443660255521536e-05
-2.204930206062272191e-05
-2.060386395896784961e-05
-1.913916639750823379e-05
-1.765631895978003740e-05
-1.615654764464125037e-05
-1.464109664084389806e-05
-1.311125379288569093e-05
-1.156843063654378057e-05
-1.001401324174366891e-05
-8.449438610114157200e-06
-6.876245606690645218e-06
-5.295907612890005112e-06
-3.710025339387357235e-06
-2.120134013239294291e-06
-5.278416210785508156e-07
1.065229298546910286e-06
2.657558070495724678e-06
4.247522156219929457e-06
5.833506293129175901e-06
7.413946150336414576e-06
8.987321052700281143e-06
1.055208849720656872e-05
1.210674599860794842e-05
1.364981653750874102e-05
1.517993587185628712e-05
1.669568518991582096e-05
1.819579483708366752e-05
1.967901334865018725e-05
2.114409289788454771e-05
2.258990207337774336e-05
2.401545862085185945e-05
2.541973663028329611e-05
2.680177931324578822e-05
2.816077903844416142e-05
2.949600457213819027e-05
3.080672831856645644e-05
3.209232454537414014e-05
3.335230940137989819e-05
3.458624632912687957e-05
3.579371696105226874e-05
3.697445572470314801e-05
3.812826980720274150e-05
3.925499913748353720e-05
4.035462552565149963e-05
4.142715624766424298e-05
4.247266042511910200e-05
4.349125811131671071e-05
4.448323306860402226e-05
4.544888361124321818e-05
4.638849350158125162e-05
4.730246291728690267e-05
4.819124296773225069e-05
4.905537207378074527e-05
4.989542139810509980e-05
5.071197301731444895e-05
5.150566357770003378e-05
5.227710062172263861e-05
5.302701902110129595e-05
5.375621913117356598e-05
5.446543218567967415e-05
5.515542943612672389e-05
5.582700396189466119e-05
5.648097067023627460e-05
5.711816629627719522e-05
5.773943848907947540e-05
5.834565308759920299e-05
5.893763227504678071e-05
5.951623461442068219e-05
6.008231866871938109e-05
6.063668843125924468e-05
6.118019518908113241e-05
6.171363929752260447e-05
6.223783566383644938e-05
6.275357736740261316e-05
6.326162838377058506e-05
6.376270903274416924e-05
6.425753963412716985e-05
6.474682595580816269e-05
6.523123010993003845e-05
6.571137782884761691e-05
6.618784391321241856e-05
6.666121771559119225e-05
6.713198672514408827e-05
6.760065298294648528e-05
6.806764577049762011e-05
6.853335798950865865e-05
6.899812433402985334e-05
6.946225039428099990e-05
6.946225767023861408e-05
6.946225767023861408e-05
6.946225039428099990e-05
6.946224311832338572e-05
6.946225039428099990e-05
6.946225039428099990e-05
6.946224311832338572e-05
6.946224311832338572e-05
6.946224311832338572e-05
6.946223584236577153e-05
6.946223584236577153e-05
6.946223584236577153e-05
6.946222856640815735e-05
6.946223584236577153e-05
6.946222856640815735e-05
6.946222129045054317e-05
6.946222856640815735e-05
6.946222129045054317e-05
6.946222129045054317e-05
6.946221401449292898e-05
6.946221401449292898e-05
6.946220673853531480e-05
6.946221401449292898e-05
6.946220673853531480e-05
6.946220673853531480e-05
6.946219946257770061e-05
6.946219946257770061e-05
6.946219218662008643e-05
6.946219218662008643e-05
6.946219218662008643e-05
6.946218491066247225e-05
6.946218491066247225e-05
6.946218491066247225e-05
6.946217763470485806e-05
6.946217763470485806e-05
6.946217035874724388e-05
6.946217035874724388e-05
6.946216308278962970e-05
6.946217035874724388e-05
6.946216308278962970e-05
6.946215580683201551e-05
6.946215580683201551e-05
6.946215580683201551e-05
6.946215580683201551e-05
6.946214125491678715e-05
6.946214125491678715e-05
6.946214125491678715e-05
6.946214125491678715e-05
6.946213397895917296e-05
6.946213397895917296e-05
6.946213397895917296e-05
6.946213397895917296e-05
6.946212670300155878e-05
6.946212670300155878e-05
6.946212670300155878e-05
