-5.976562500000000000e+01
-5.929687500000000000e+01
-5.882812500000000000e+01
-5.835937500000000000e+01
-5.789062500000000000e+01
-5.742187500000000000e+01
-5.695312500000000000e+01
-5.648437500000000000e+01
-5.601562500000000000e+01
-5.554687500000000000e+01
-5.507812500000000000e+01
-5.460937500000000000e+01
-5.414062500000000000e+01
-5.367187500000000000e+01
-5.320312500000000000e+01
-5.273437500000000000e+01
-5.226562500000000000e+01
-5.179687500000000000e+01
-5.132812500000000000e+01
-5.085937500000000000e+01
-5.039062500000000000e+01
-4.992187500000000000e+01
-4.945312500000000000e+01
-4.898437500000000000e+01
-4.851562500000000000e+01
-4.804687500000000000e+01
-4.757812500000000000e+01
-4.710937500000000000e+01
-4.664062500000000000e+01
-4.617187500000000000e+01
-4.570312500000000000e+01
-4.523437500000000000e+01
-4.476562500000000000e+01
-4.429687500000000000e+01
-4.382812500000000000e+01
-4.335937500000000000e+01
-4.289062500000000000e+01
-4.242187500000000000e+01
-4.195312500000000000e+01
-4.148437500000000000e+01
-4.101562500000000000e+01
-4.054687500000000000e+01
-4.007812500000000000e+01
-3.960937500000000000e+01
-3.914062500000000000e+01
-3.867187500000000000e+01
-3.820312500000000000e+01
-3.773437500000000000e+01
-3.726562500000000000e+01
-3.679687500000000000e+01
-3.632812500000000000e+01
-3.585937500000000000e+01
-3.539062500000000000e+01
-3.492187500000000000e+01
-3.445312500000000000e+01
-3.398437500000000000e+01
-3.351562500000000000e+01
-3.304687500000000000e+01
-3.257812500000000000e+01
-3.210937500000000000e+01
-3.164062500000000000e+01
-3.117187500000000000e+01
-3.070312500000000000e+01
-3.023437500000000000e+01
-2.976562500000000000e+01
-2.929687500000000000e+01
-2.882812500000000000e+01
-2.835937500000000000e+01
-2.789062500000000000e+01
-2.742187500000000000e+01
-2.695312500000000000e+01
-2.648437500000000000e+01
-2.601562500000000000e+01
-2.554687500000000000e+01
-2.507812500000000000e+01
-2.460937500000000000e+01
-2.414062500000000000e+01
-2.367187500000000000e+01
-2.320312500000000000e+01
-2.273437500000000000e+01
-2.226562500000000000e+01
-2.179687500000000000e+01
-2.132812500000000000e+01
-2.085937500000000000e+01
-2.039062500000000000e+01
-1.992187500000000000e+01
-1.945312500000000000e+01
-1.898437500000000000e+01
-1.851562500000000000e+01
-1.804687500000000000e+01
-1.757812500000000000e+01
-1.710937500000000000e+01
-1.664062500000000000e+01
-1.617187500000000000e+01
-1.570312500000000000e+01
-1.523437500000000000e+01
-1.476562500000000000e+01
-1.429687500000000000e+01
-1.382812500000000000e+01
-1.335937500000000000e+01
-1.289062500000000000e+01
-1.242187500000000000e+01
-1.195312500000000000e+01
-1.148437500000000000e+01
-1.101562500000000000e+01
-1.054687500000000000e+01
-1.007812500000000000e+01
-9.609375000000000000e+00
-9.140625000000000000e+00
-8.671875000000000000e+00
-8.203125000000000000e+00
-7.734375000000000000e+00
-7.265625000000000000e+00
-6.796875000000000000e+00
-6.328125000000000000e+00
-5.859375000000000000e+00
-5.390625000000000000e+00
-4.921875000000000000e+00
-4.453125000000000000e+00
-3.984375000000000000e+00
-3.515625000000000000e+00
-3.046875000000000000e+00
-2.578125000000000000e+00
-2.109375000000000000e+00
-1.640625000000000000e+00
-1.171875000000000000e+00
-7.031250000000000000e-01
-2.343750000000000000e-01
2.343750000000000000e-01
7.031250000000000000e-01
1.171875000000000000e+00
1.640625000000000000e+00
2.109375000000000000e+00
2.578125000000000000e+00
3.046875000000000000e+00
3.515625000000000000e+00
3.984375000000000000e+00
4.453125000000000000e+00
4.921875000000000000e+00
5.390625000000000000e+00
5.859375000000000000e+00
6.328125000000000000e+00
6.796875000000000000e+00
7.265625000000000000e+00
7.734375000000000000e+00
8.203125000000000000e+00
8.671875000000000000e+00
9.140625000000000000e+00
9.609375000000000000e+00
1.007812500000000000e+01
1.054687500000000000e+01
1.101562500000000000e+01
1.148437500000000000e+01
1.195312500000000000e+01
1.242187500000000000e+01
1.289062500000000000e+01
1.335937500000000000e+01
1.382812500000000000e+01
1.429687500000000000e+01
1.476562500000000000e+01
1.523437500000000000e+01
1.570312500000000000e+01
1.617187500000000000e+01
1.664062500000000000e+01
1.710937500000000000e+01
1.757812500000000000e+01
1.804687500000000000e+01
1.851562500000000000e+01
1.898437500000000000e+01
1.945312500000000000e+01
1.992187500000000000e+01
2.039062500000000000e+01
2.085937500000000000e+01
2.132812500000000000e+01
2.179687500000000000e+01
2.226562500000000000e+01
2.273437500000000000e+01
2.320312500000000000e+01
2.367187500000000000e+01
2.414062500000000000e+01
2.460937500000000000e+01
2.507812500000000000e+01
2.554687500000000000e+01
2.601562500000000000e+01
2.648437500000000000e+01
2.695312500000000000e+01
2.742187500000000000e+01
2.789062500000000000e+01
2.835937500000000000e+01
2.882812500000000000e+01
2.929687500000000000e+01
2.976562500000000000e+01
3.023437500000000000e+01
3.070312500000000000e+01
3.117187500000000000e+01
3.164062500000000000e+01
3.210937500000000000e+01
3.257812500000000000e+01
3.304687500000000000e+01
3.351562500000000000e+01
3.398437500000000000e+01
3.445312500000000000e+01
3.492187500000000000e+01
3.539062500000000000e+01
3.585937500000000000e+01
3.632812500000000000e+01
3.679687500000000000e+01
3.726562500000000000e+01
3.773437500000000000e+01
3.820312500000000000e+01
3.867187500000000000e+01
3.914062500000000000e+01
3.960937500000000000e+01
4.007812500000000000e+01
4.054687500000000000e+01
4.101562500000000000e+01
4.148437500000000000e+01
4.195312500000000000e+01
4.242187500000000000e+01
4.289062500000000000e+01
4.335937500000000000e+01
4.382812500000000000e+01
4.429687500000000000e+01
4.476562500000000000e+01
4.523437500000000000e+01
4.570312500000000000e+01
4.617187500000000000e+01
4.664062500000000000e+01
4.710937500000000000e+01
4.757812500000000000e+01
4.804687500000000000e+01
4.851562500000000000e+01
4.898437500000000000e+01
4.945312500000000000e+01
4.992187500000000000e+01
5.039062500000000000e+01
5.085937500000000000e+01
5.132812500000000000e+01
5.179687500000000000e+01
5.226562500000000000e+01
5.273437500000000000e+01
5.320312500000000000e+01
5.367187500000000000e+01
5.414062500000000000e+01
5.460937500000000000e+01
5.507812500000000000e+01
5.554687500000000000e+01
5.601562500000000000e+01
5.648437500000000000e+01
5.695312500000000000e+01
5.742187500000000000e+01
5.789062500000000000e+01
5.835937500000000000e+01
5.882812500000000000e+01
5.929687500000000000e+01
5.976562500000000000e+01
