1.000000000000000167e-06
1.000000000000000167e-06
1.000000000000000167e-06
1.000000000000000167e-06
1.000000000000000167e-06
1.000000000000000167e-06
1.000000000000000167e-06
1.000000000000000167e-06
1.000000000000000167e-06
1.000000000000000167e-06
1.000000000000000167e-06
1.000000000000000167e-06
1.000000000000000167e-06
1.000000000000000167e-06
1.000000000000000167e-06
1.000000000000000167e-06
1.000000000000000167e-06
1.000000000000000167e-06
1.000000000000000167e-06
1.000000000000000167e-06
1.000000000000000167e-06
1.000000000000000167e-06
1.000000000000000167e-06
1.000000000000000167e-06
1.000000000000000167e-06
1.000000000000000167e-06
1.000000000000000167e-06
1.000000000000000167e-06
1.000000000000000167e-06
1.000000000000000167e-06
1.000000000000000167e-06
1.000000000000000167e-06
1.000000000000000167e-06
1.000000000000000167e-06
1.000000000000000167e-06
1.000000000000000167e-06
1.000000000000000167e-06
1.000000000000000167e-06
1.000000000000000167e-06
1.000000000000000167e-06
1.000000000000000167e-06
1.000000000000000167e-06
1.000000000000000167e-06
1.000000000000000167e-06
1.000000000000000167e-06
1.000000000000000167e-06
1.000000000000000167e-06
1.000000000000000167e-06
1.000000000000000167e-06
1.000000000000000167e-06
1.000000000000000167e-06
1.000000000000000167e-06
1.000000000000000167e-06
1.000000000000000167e-06
1.000000000000000167e-06
1.000000000000000167e-06
3.722675005767554383e-06
5.213560574859134366e-05
2.061111408982717070e-04
5.243039038637371634e-04
1.062913615222274132e-03
1.875719726270040503e-03
3.014111247969329405e-03
4.527110876103187381e-03
6.461392643150201329e-03
8.861292452306698819e-03
1.176881097000510162e-02
1.522360847098935648e-02
1.926299134529084814e-02
2.392189009004033404e-02
2.923282872163631904e-02
3.522588565598770011e-02
4.192864621723550733e-02
4.936614704573915463e-02
5.756081279741352003e-02
6.653238562805230405e-02
7.629784808604118951e-02
8.687134014423304740e-02
9.826407122213796919e-02
1.104842281662859610e-01
1.235368802728198517e-01
1.374238825511358286e-01
1.521437785393795206e-01
1.676917040905611944e-01
1.840592936504912847e-01
2.012345906439517995e-01
2.192019636717094655e-01
2.379420302961062772e-01
2.574315902549669799e-01
2.776435699902009002e-01
2.985469804065509214e-01
3.201068897851414019e-01
3.422844137633269113e-01
3.650367242576674220e-01
3.883170791370567088e-01
4.120748743731093566e-01
4.362557202641899612e-01
4.608015431853715871e-01
4.856507141333547550e-01
5.107382051234665710e-01
5.359957742530656599e-01
5.613521799733746098e-01
5.867334248116538031e-01
6.120630284600803162e-01
6.372623297998063485e-01
6.622508170622676271e-01
6.869464849493223113e-01
7.112662171444221748e-01
7.351261922544306548e-01
7.584423108321522999e-01
7.811306407498048721e-01
8.031078778304447940e-01
8.242918183048757452e-01
8.446018393529025614e-01
8.639593837169317059e-01
8.822884441489692309e-01
8.995160432770540337e-01
9.155727043547493560e-01
9.303929082994332189e-01
9.439155324275471104e-01
9.560842663654778306e-01
9.668480007532090914e-01
9.761611845530276943e-01
9.839841470813427415e-01
9.902833811371243300e-01
9.950317840986305784e-01
9.982088542079431415e-01
9.998008398082181003e-01
9.998008398082181003e-01
9.982088542079431415e-01
9.950317840986305784e-01
9.902833811371243300e-01
9.839841470813427415e-01
9.761611845530276943e-01
9.668480007532090914e-01
9.560842663654778306e-01
9.439155324275471104e-01
9.303929082994335520e-01
9.155727043547493560e-01
8.995160432770540337e-01
8.822884441489692309e-01
8.639593837169317059e-01
8.446018393529025614e-01
8.242918183048757452e-01
8.031078778304453492e-01
7.811306407498048721e-01
7.584423108321522999e-01
7.351261922544306548e-01
7.112662171444221748e-01
6.869464849493223113e-01
6.622508170622681822e-01
6.372623297998063485e-01
6.120630284600803162e-01
5.867334248116538031e-01
5.613521799733746098e-01
5.359957742530658820e-01
5.107382051234665710e-01
4.856507141333543665e-01
4.608015431853715871e-01
4.362557202641899612e-01
4.120748743731093566e-01
3.883170791370569308e-01
3.650367242576677551e-01
3.422844137633274109e-01
3.201068897851414019e-01
2.985469804065509214e-01
2.776435699902009002e-01
2.574315902549669799e-01
2.379420302961066658e-01
2.192019636717096043e-01
2.012345906439515775e-01
1.840592936504912847e-01
1.676917040905611944e-01
1.521437785393795206e-01
1.374238825511359396e-01
1.235368802728199350e-01
1.104842281662859610e-01
9.826407122213796919e-02
8.687134014423304740e-02
7.629784808604118951e-02
6.653238562805249834e-02
5.756081279741364493e-02
4.936614704573922402e-02
4.192864621723550733e-02
3.522588565598770011e-02
2.923282872163631904e-02
2.392189009004033404e-02
1.926299134529088630e-02
1.522360847098940678e-02
1.176881097000506693e-02
8.861292452306698819e-03
6.461392643150201329e-03
4.527110876103187381e-03
3.014111247969350222e-03
1.875719726270063271e-03
1.062913615222281939e-03
5.243039038637371634e-04
2.061111408982717070e-04
5.213560574859134366e-05
3.722675005767554383e-06
1.000000000000000167e-06
1.000000000000000167e-06
1.000000000000000167e-06
1.000000000000000167e-06
1.000000000000000167e-06
1.000000000000000167e-06
1.000000000000000167e-06
1.000000000000000167e-06
1.000000000000000167e-06
1.000000000000000167e-06
1.000000000000000167e-06
1.000000000000000167e-06
1.000000000000000167e-06
1.000000000000000167e-06
1.000000000000000167e-06
1.000000000000000167e-06
1.000000000000000167e-06
1.000000000000000167e-06
1.000000000000000167e-06
1.000000000000000167e-06
1.000000000000000167e-06
1.000000000000000167e-06
1.000000000000000167e-06
1.000000000000000167e-06
1.000000000000000167e-06
1.000000000000000167e-06
1.000000000000000167e-06
1.000000000000000167e-06
1.000000000000000167e-06
1.000000000000000167e-06
1.000000000000000167e-06
1.000000000000000167e-06
1.000000000000000167e-06
1.000000000000000167e-06
1.000000000000000167e-06
1.000000000000000167e-06
1.000000000000000167e-06
1.000000000000000167e-06
1.000000000000000167e-06
1.000000000000000167e-06
1.000000000000000167e-06
1.000000000000000167e-06
1.000000000000000167e-06
1.000000000000000167e-06
1.000000000000000167e-06
1.000000000000000167e-06
1.000000000000000167e-06
1.000000000000000167e-06
1.000000000000000167e-06
1.000000000000000167e-06
1.000000000000000167e-06
1.000000000000000167e-06
1.000000000000000167e-06
1.000000000000000167e-06
1.000000000000000167e-06
1.000000000000000167e-06
