1.000000000000000167e-06
1.000000000000000167e-06
1.000000000000000167e-06
1.000000000000000167e-06
1.000000000000000167e-06
1.000000000000000167e-06
1.000000000000000167e-06
1.000000000000000167e-06
1.000000000000000167e-06
1.000000000000000167e-06
1.000000000000000167e-06
1.000000000000000167e-06
1.000000000000000167e-06
1.000000000000000167e-06
1.000000000000000167e-06
1.000000000000000167e-06
1.000000000000000167e-06
1.000000000000000167e-06
1.000000000000000167e-06
1.000000000000000167e-06
1.000000000000000167e-06
1.000000000000000167e-06
1.000000000000000167e-06
1.000000000000000167e-06
1.000000000000000167e-06
1.000000000000000167e-06
1.000000000000000167e-06
1.000000000000000167e-06
1.000000000000000167e-06
1.000000000000000167e-06
1.000000000000000167e-06
1.000000000000000167e-06
1.000000000000000167e-06
1.000000000000000167e-06
1.000000000000000167e-06
1.000000000000000167e-06
1.000000000000000167e-06
1.000000000000000167e-06
1.000000000000000167e-06
1.000000000000000167e-06
1.000000000000000167e-06
1.000000000000000167e-06
1.000000000000000167e-06
1.000000000000000167e-06
1.000000000000000167e-06
1.000000000000000167e-06
1.000000000000000167e-06
1.000000000000000167e-06
1.000000000000000167e-06
1.000000000000000167e-06
1.000000000000000167e-06
1.000000000000000167e-06
1.000000000000000167e-06
1.000000000000000167e-06
1.000000000000000167e-06
1.000000000000000167e-06
1.000000000000000167e-06
1.000000000000000167e-06
1.000000000000000167e-06
1.000000000000000167e-06
1.000000000000000167e-06
1.000000000000000167e-06
1.000000000000000167e-06
1.000000000000000167e-06
1.000000000000000167e-06
1.000000000000000167e-06
1.000000000000000167e-06
1.550431049246117163e-05
1.427312879285490309e-04
4.986206863094360059e-04
1.192533819861964954e-03
2.326424037367848512e-03
3.995013671280824713e-03
6.285955853405618930e-03
9.279979379218088187e-03
1.305101534721212798e-02
1.766630480490931354e-02
2.318648710332145424e-02
2.966566910032968421e-02
3.715147576384746075e-02
4.568508311049545439e-02
5.530123477702234003e-02
6.602824386143228697e-02
7.788798199025162572e-02
9.089585786304754667e-02
1.050607878143740154e-01
1.203851611695699875e-01
1.368648034239604017e-01
1.544889404691714707e-01
1.732401672733070719e-01
1.930944245692652050e-01
2.140209872178649164e-01
2.359824679866589781e-01
2.589348405167842815e-01
2.828274852350551316e-01
3.076032619027412318e-01
3.331986123724843818e-01
3.595436969471835775e-01
3.865625674976008175e-01
4.141733801937190762e-01
4.422886503450137452e-01
4.708155514158632315e-01
4.996562597964765984e-01
5.287083463626125468e-01
5.578652152561389688e-01
5.870165896682012496e-01
6.160490437147660980e-01
6.448465787695182305e-01
6.732912418718896008e-01
7.012637830701540231e-01
7.286443478040807165e-01
7.553131996925834812e-01
7.811514683838761686e-01
8.060419164639869294e-01
8.298697188193370211e-01
8.525232473252050136e-01
8.738948532983297213e-01
8.938816398220964521e-01
9.123862158364284269e-01
9.293174237935144522e-01
9.445910327190700784e-01
9.581303886942887926e-01
9.698670150745547502e-01
9.797411552427403025e-01
9.877022511912710856e-01
9.937093520332563878e-01
9.977314472539230428e-01
9.997477204752747149e-01
9.997477204752747149e-01
9.977314472539230428e-01
9.937093520332563878e-01
9.877022511912710856e-01
9.797411552427403025e-01
9.698670150745547502e-01
9.581303886942887926e-01
9.445910327190700784e-01
9.293174237935144522e-01
9.123862158364289821e-01
8.938816398220964521e-01
8.738948532983297213e-01
8.525232473252050136e-01
8.298697188193370211e-01
8.060419164639869294e-01
7.811514683838761686e-01
7.553131996925840363e-01
7.286443478040807165e-01
7.012637830701540231e-01
6.732912418718896008e-01
6.448465787695182305e-01
6.160490437147660980e-01
5.870165896682016937e-01
5.578652152561389688e-01
5.287083463626125468e-01
4.996562597964765984e-01
4.708155514158632315e-01
4.422886503450139672e-01
4.141733801937192982e-01
3.865625674976004289e-01
3.595436969471835775e-01
3.331986123724843818e-01
3.076032619027412318e-01
2.828274852350555202e-01
2.589348405167845590e-01
2.359824679866592279e-01
2.140209872178649164e-01
1.930944245692652050e-01
1.732401672733070719e-01
1.544889404691714707e-01
1.368648034239604849e-01
1.203851611695701818e-01
1.050607878143737933e-01
9.089585786304754667e-02
7.788798199025162572e-02
6.602824386143228697e-02
5.530123477702248574e-02
4.568508311049560011e-02
3.715147576384727340e-02
2.966566910032968421e-02
2.318648710332145424e-02
1.766630480490931354e-02
1.305101534721216962e-02
9.279979379218140229e-03
6.285955853405647553e-03
3.995013671280824713e-03
2.326424037367848512e-03
1.192533819861964954e-03
4.986206863094360059e-04
1.427312879285523920e-04
1.550431049246076167e-05
1.000000000000000167e-06
1.000000000000000167e-06
1.000000000000000167e-06
1.000000000000000167e-06
1.000000000000000167e-06
1.000000000000000167e-06
1.000000000000000167e-06
1.000000000000000167e-06
1.000000000000000167e-06
1.000000000000000167e-06
1.000000000000000167e-06
1.000000000000000167e-06
1.000000000000000167e-06
1.000000000000000167e-06
1.000000000000000167e-06
1.000000000000000167e-06
1.000000000000000167e-06
1.000000000000000167e-06
1.000000000000000167e-06
1.000000000000000167e-06
1.000000000000000167e-06
1.000000000000000167e-06
1.000000000000000167e-06
1.000000000000000167e-06
1.000000000000000167e-06
1.000000000000000167e-06
1.000000000000000167e-06
1.000000000000000167e-06
1.000000000000000167e-06
1.000000000000000167e-06
1.000000000000000167e-06
1.000000000000000167e-06
1.000000000000000167e-06
1.000000000000000167e-06
1.000000000000000167e-06
1.000000000000000167e-06
1.000000000000000167e-06
1.000000000000000167e-06
1.000000000000000167e-06
1.000000000000000167e-06
1.000000000000000167e-06
1.000000000000000167e-06
1.000000000000000167e-06
1.000000000000000167e-06
1.000000000000000167e-06
1.000000000000000167e-06
1.000000000000000167e-06
1.000000000000000167e-06
1.000000000000000167e-06
1.000000000000000167e-06
1.000000000000000167e-06
1.000000000000000167e-06
1.000000000000000167e-06
1.000000000000000167e-06
1.000000000000000167e-06
1.000000000000000167e-06
1.000000000000000167e-06
1.000000000000000167e-06
1.000000000000000167e-06
1.000000000000000167e-06
1.000000000000000167e-06
1.000000000000000167e-06
1.000000000000000167e-06
1.000000000000000167e-06
1.000000000000000167e-06
1.000000000000000167e-06
1.000000000000000167e-06
