-0.000000000000000000e+00
-0.000000000000000000e+00
-0.000000000000000000e+00
-0.000000000000000000e+00
-0.000000000000000000e+00
-0.000000000000000000e+00
-0.000000000000000000e+00
-0.000000000000000000e+00
-0.000000000000000000e+00
-0.000000000000000000e+00
-0.000000000000000000e+00
-0.000000000000000000e+00
-0.000000000000000000e+00
-0.000000000000000000e+00
-0.000000000000000000e+00
-0.000000000000000000e+00
-0.000000000000000000e+00
-0.000000000000000000e+00
-0.000000000000000000e+00
-0.000000000000000000e+00
-0.000000000000000000e+00
-0.000000000000000000e+00
-0.000000000000000000e+00
-0.000000000000000000e+00
-0.000000000000000000e+00
-0.000000000000000000e+00
-7.019437475719314534e-07
-4.843802162213250995e-05
-2.244280767627060413e-05
-1.681704088696278632e-05
-1.094677008950384334e-05
-8.883429472916759551e-06
-8.685241482453420758e-06
-8.057862032728735358e-06
-1.356755092274397612e-05
-1.330626309936633334e-05
-1.305445857724407688e-05
-1.280450396734522656e-05
-1.255135612154845148e-05
-1.229132794833276421e-05
-1.175628312921617180e-05
-1.100745248550083488e-05
-1.034516026265919209e-05
-9.782901543076150119e-06
-9.298837539972737432e-06
-8.903916750568896532e-06
-8.537258509022649378e-06
-8.184196303773205727e-06
-7.839229510864242911e-06
-7.479412943212082610e-06
-7.097217803675448522e-06
-6.698066044918959960e-06
-6.273694907577009872e-06
-5.824983418278861791e-06
-5.352514563128352165e-06
-4.857129169977270067e-06
-4.339462975622154772e-06
-3.802620312853832729e-06
-3.248519760745693929e-06
-2.679328190424712375e-06
-2.096989646815927699e-06
-1.504903252680378500e-06
-9.057869192474754527e-07
-3.024063630618911702e-07
3.024063630618911702e-07
9.057869192474754527e-07
1.504903252680378500e-06
2.096989646815927699e-06
2.679328190424712375e-06
3.248519760745693929e-06
3.802620312853832729e-06
4.339462975622154772e-06
4.857129169977270067e-06
5.352514563128352165e-06
5.824983418278861791e-06
6.273694907577009872e-06
6.698066044918959960e-06
7.097217803675448522e-06
7.479412943212082610e-06
7.839229510864242911e-06
8.184196303773205727e-06
8.537258509022649378e-06
8.903916750568896532e-06
9.298837539972737432e-06
9.782901543076150119e-06
1.034516026265919209e-05
1.100745248550083488e-05
1.175628312921617180e-05
1.229132794833276421e-05
1.255135612154845148e-05
1.280450396734522656e-05
1.305445857724407688e-05
1.330626309936633334e-05
1.356755092274397612e-05
8.057862032728735358e-06
8.685241482453420758e-06
8.883429472916759551e-06
1.094677008950384334e-05
1.681704088696278632e-05
2.244280767627060413e-05
4.843802162213250995e-05
7.019437475719314534e-07
-0.000000000000000000e+00
-0.000000000000000000e+00
-0.000000000000000000e+00
-0.000000000000000000e+00
-0.000000000000000000e+00
-0.000000000000000000e+00
-0.000000000000000000e+00
-0.000000000000000000e+00
-0.000000000000000000e+00
-0.000000000000000000e+00
-0.000000000000000000e+00
-0.000000000000000000e+00
-0.000000000000000000e+00
-0.000000000000000000e+00
-0.000000000000000000e+00
-0.000000000000000000e+00
-0.000000000000000000e+00
-0.000000000000000000e+00
-0.000000000000000000e+00
-0.000000000000000000e+00
-0.000000000000000000e+00
-0.000000000000000000e+00
-0.000000000000000000e+00
-0.000000000000000000e+00
-0.000000000000000000e+00
-0.000000000000000000e+00
