5.000000000000000000e+00
5.050505050505050164e+00
5.101010101010101216e+00
5.151515151515151381e+00
5.202020202020202433e+00
5.252525252525252597e+00
5.303030303030302761e+00
5.353535353535353813e+00
5.404040404040403978e+00
5.454545454545454142e+00
5.505050505050505194e+00
5.555555555555555358e+00
5.606060606060606410e+00
5.656565656565656575e+00
5.707070707070706739e+00
5.757575757575757791e+00
5.808080808080807955e+00
5.858585858585858119e+00
5.909090909090909172e+00
5.959595959595959336e+00
6.010101010101010388e+00
6.060606060606060552e+00
6.111111111111110716e+00
6.161616161616161769e+00
6.212121212121211933e+00
6.262626262626262985e+00
6.313131313131313149e+00
6.363636363636363313e+00
6.414141414141414366e+00
6.464646464646464530e+00
6.515151515151515582e+00
6.565656565656565746e+00
6.616161616161615910e+00
6.666666666666666963e+00
6.717171717171717127e+00
6.767676767676768179e+00
6.818181818181818343e+00
6.868686868686868507e+00
6.919191919191918672e+00
6.969696969696969724e+00
7.020202020202020776e+00
7.070707070707070940e+00
7.121212121212121104e+00
7.171717171717171269e+00
7.222222222222222321e+00
7.272727272727272485e+00
7.323232323232323537e+00
7.373737373737373701e+00
7.424242424242423866e+00
7.474747474747474918e+00
7.525252525252525082e+00
7.575757575757576134e+00
7.626262626262626299e+00
7.676767676767676463e+00
7.727272727272726627e+00
7.777777777777777679e+00
7.828282828282828731e+00
7.878787878787878896e+00
7.929292929292929060e+00
7.979797979797979224e+00
8.030303030303031164e+00
8.080808080808081328e+00
8.131313131313131493e+00
8.181818181818181657e+00
8.232323232323231821e+00
8.282828282828283761e+00
8.333333333333333925e+00
8.383838383838384090e+00
8.434343434343434254e+00
8.484848484848484418e+00
8.535353535353536358e+00
8.585858585858584746e+00
8.636363636363636687e+00
8.686868686868686851e+00
8.737373737373737015e+00
8.787878787878787179e+00
8.838383838383837343e+00
8.888888888888889284e+00
8.939393939393939448e+00
8.989898989898989612e+00
9.040404040404041552e+00
9.090909090909089940e+00
9.141414141414141881e+00
9.191919191919192045e+00
9.242424242424242209e+00
9.292929292929294149e+00
9.343434343434342537e+00
9.393939393939394478e+00
9.444444444444444642e+00
9.494949494949494806e+00
9.545454545454544970e+00
9.595959595959595134e+00
9.646464646464647075e+00
9.696969696969697239e+00
9.747474747474747403e+00
9.797979797979797567e+00
9.848484848484847731e+00
9.898989898989899672e+00
9.949494949494949836e+00
1.000000000000000000e+01
