1.462661326131838024e-02
1.088220995849039936e-03
9.918785956554417385e-05
2.511422441296584261e-04
nan
1.042153824592239327e-05
1.749942146051217714e-04
nan
3.985468430604177165e-05
2.511460810483852517e-05
4.068765509751910703e-02
6.643472490635801177e-05
nan
3.799779396774201150e-05
9.733567274562160974e-05
1.497137070591037350e-05
2.766513313759956112e-05
9.433071167814649504e-05
1.544377283122524654e-04
4.446178084569699373e-05
1.071291299766102789e-05
3.935970515120900911e-04
1.031401140201648427e-04
5.543298319207470512e-05
1.485868474116225229e-06
2.637794495672583558e-05
2.327697280217400544e-05
1.311810466727893480e-04
3.653632831985149931e-02
1.998598561122194041e-04
