3.741483902558684349e-03
3.237229585647583008e-01
1.994830928742885590e-02
8.065523579716682434e-03
3.265904262661933899e-02
5.006161704659461975e-02
5.096027255058288574e-01
6.016736850142478943e-02
6.552229076623916626e-02
1.630710959434509277e-01
6.117473822087049484e-04
1.025870442390441895e-01
2.137316949665546417e-02
3.557501733303070068e-02
1.507693529129028320e-01
2.653819322586059570e-01
2.908114902675151825e-02
4.119423404335975647e-02
1.440634578466415405e-02
8.805551379919052124e-02
2.369245514273643494e-02
6.299701333045959473e-01
1.604351103305816650e-01
3.596007227897644043e-01
4.730504378676414490e-02
1.489600837230682373e-01
1.372411381453275681e-02
1.668791323900222778e-01
3.754196804948151112e-04
3.156788349151611328e-01
