2.604271098971366882e-02
2.253283262252807617e+00
1.388507932424545288e-01
5.614031851291656494e-02
2.273242473602294922e-01
3.484553694725036621e-01
3.547105073928833008e+00
4.187967479228973389e-01
4.560698568820953369e-01
1.135061264038085938e+00
4.258085973560810089e-03
7.140601873397827148e-01
1.487685889005661011e-01
2.476209551095962524e-01
1.049434542655944824e+00
1.847198963165283203e+00
2.024202048778533936e-01
2.867336869239807129e-01
1.002757996320724487e-01
6.129130721092224121e-01
1.649120450019836426e-01
4.384925842285156250e+00
1.116713285446166992e+00
2.503011703491210938e+00
3.292681872844696045e-01
1.036841034889221191e+00
9.552710503339767456e-02
1.161567211151123047e+00
2.613119781017303467e-03
2.197291851043701172e+00
