Prat          3.07e+02 
Crat          1.14e+04 
reduced_c     3.42e+03 
Vmax          9.00e-01 
Tunit         5.17e+04 
Compt         0  
Planck        0  
rotate_theta  0  
rotate_phi    0  
adv_flag:     1  
nzeta:        0  
npsi:         0  
taucell:      5.000000e+00  
source_flag:  1  
iteration:    2  
err_limit:    1.000000e-06  
n_limit:      100  
tau_scheme    1  
 0   2.182179e-01   9.511897e-01   2.182179e-01    1.581267e-02
 1   5.773503e-01   7.867958e-01   2.182179e-01    1.146457e-02
 2   7.867958e-01   5.773503e-01   2.182179e-01    1.146457e-02
 3   9.511897e-01   2.182179e-01   2.182179e-01    1.581267e-02
 4   2.182179e-01   7.867958e-01   5.773503e-01    1.146457e-02
 5   5.773503e-01   5.773503e-01   5.773503e-01    8.774585e-03
 6   7.867958e-01   2.182179e-01   5.773503e-01    1.146457e-02
 7   2.182179e-01   5.773503e-01   7.867958e-01    1.146457e-02
 8   5.773503e-01   2.182179e-01   7.867958e-01    1.146457e-02
 9   2.182179e-01   2.182179e-01   9.511897e-01    1.581267e-02
10   -2.182179e-01   9.511897e-01   2.182179e-01    1.581267e-02
11   -5.773503e-01   7.867958e-01   2.182179e-01    1.146457e-02
12   -7.867958e-01   5.773503e-01   2.182179e-01    1.146457e-02
13   -9.511897e-01   2.182179e-01   2.182179e-01    1.581267e-02
14   -2.182179e-01   7.867958e-01   5.773503e-01    1.146457e-02
15   -5.773503e-01   5.773503e-01   5.773503e-01    8.774585e-03
16   -7.867958e-01   2.182179e-01   5.773503e-01    1.146457e-02
17   -2.182179e-01   5.773503e-01   7.867958e-01    1.146457e-02
18   -5.773503e-01   2.182179e-01   7.867958e-01    1.146457e-02
19   -2.182179e-01   2.182179e-01   9.511897e-01    1.581267e-02
20   2.182179e-01   -9.511897e-01   2.182179e-01    1.581267e-02
21   5.773503e-01   -7.867958e-01   2.182179e-01    1.146457e-02
22   7.867958e-01   -5.773503e-01   2.182179e-01    1.146457e-02
23   9.511897e-01   -2.182179e-01   2.182179e-01    1.581267e-02
24   2.182179e-01   -7.867958e-01   5.773503e-01    1.146457e-02
25   5.773503e-01   -5.773503e-01   5.773503e-01    8.774585e-03
26   7.867958e-01   -2.182179e-01   5.773503e-01    1.146457e-02
27   2.182179e-01   -5.773503e-01   7.867958e-01    1.146457e-02
28   5.773503e-01   -2.182179e-01   7.867958e-01    1.146457e-02
29   2.182179e-01   -2.182179e-01   9.511897e-01    1.581267e-02
30   -2.182179e-01   -9.511897e-01   2.182179e-01    1.581267e-02
31   -5.773503e-01   -7.867958e-01   2.182179e-01    1.146457e-02
32   -7.867958e-01   -5.773503e-01   2.182179e-01    1.146457e-02
33   -9.511897e-01   -2.182179e-01   2.182179e-01    1.581267e-02
34   -2.182179e-01   -7.867958e-01   5.773503e-01    1.146457e-02
35   -5.773503e-01   -5.773503e-01   5.773503e-01    8.774585e-03
36   -7.867958e-01   -2.182179e-01   5.773503e-01    1.146457e-02
37   -2.182179e-01   -5.773503e-01   7.867958e-01    1.146457e-02
38   -5.773503e-01   -2.182179e-01   7.867958e-01    1.146457e-02
39   -2.182179e-01   -2.182179e-01   9.511897e-01    1.581267e-02
40   2.182179e-01   9.511897e-01   -2.182179e-01    1.581267e-02
41   5.773503e-01   7.867958e-01   -2.182179e-01    1.146457e-02
42   7.867958e-01   5.773503e-01   -2.182179e-01    1.146457e-02
43   9.511897e-01   2.182179e-01   -2.182179e-01    1.581267e-02
44   2.182179e-01   7.867958e-01   -5.773503e-01    1.146457e-02
45   5.773503e-01   5.773503e-01   -5.773503e-01    8.774585e-03
46   7.867958e-01   2.182179e-01   -5.773503e-01    1.146457e-02
47   2.182179e-01   5.773503e-01   -7.867958e-01    1.146457e-02
48   5.773503e-01   2.182179e-01   -7.867958e-01    1.146457e-02
49   2.182179e-01   2.182179e-01   -9.511897e-01    1.581267e-02
50   -2.182179e-01   9.511897e-01   -2.182179e-01    1.581267e-02
51   -5.773503e-01   7.867958e-01   -2.182179e-01    1.146457e-02
52   -7.867958e-01   5.773503e-01   -2.182179e-01    1.146457e-02
53   -9.511897e-01   2.182179e-01   -2.182179e-01    1.581267e-02
54   -2.182179e-01   7.867958e-01   -5.773503e-01    1.146457e-02
55   -5.773503e-01   5.773503e-01   -5.773503e-01    8.774585e-03
56   -7.867958e-01   2.182179e-01   -5.773503e-01    1.146457e-02
57   -2.182179e-01   5.773503e-01   -7.867958e-01    1.146457e-02
58   -5.773503e-01   2.182179e-01   -7.867958e-01    1.146457e-02
59   -2.182179e-01   2.182179e-01   -9.511897e-01    1.581267e-02
60   2.182179e-01   -9.511897e-01   -2.182179e-01    1.581267e-02
61   5.773503e-01   -7.867958e-01   -2.182179e-01    1.146457e-02
62   7.867958e-01   -5.773503e-01   -2.182179e-01    1.146457e-02
63   9.511897e-01   -2.182179e-01   -2.182179e-01    1.581267e-02
64   2.182179e-01   -7.867958e-01   -5.773503e-01    1.146457e-02
65   5.773503e-01   -5.773503e-01   -5.773503e-01    8.774585e-03
66   7.867958e-01   -2.182179e-01   -5.773503e-01    1.146457e-02
67   2.182179e-01   -5.773503e-01   -7.867958e-01    1.146457e-02
68   5.773503e-01   -2.182179e-01   -7.867958e-01    1.146457e-02
69   2.182179e-01   -2.182179e-01   -9.511897e-01    1.581267e-02
70   -2.182179e-01   -9.511897e-01   -2.182179e-01    1.581267e-02
71   -5.773503e-01   -7.867958e-01   -2.182179e-01    1.146457e-02
72   -7.867958e-01   -5.773503e-01   -2.182179e-01    1.146457e-02
73   -9.511897e-01   -2.182179e-01   -2.182179e-01    1.581267e-02
74   -2.182179e-01   -7.867958e-01   -5.773503e-01    1.146457e-02
75   -5.773503e-01   -5.773503e-01   -5.773503e-01    8.774585e-03
76   -7.867958e-01   -2.182179e-01   -5.773503e-01    1.146457e-02
77   -2.182179e-01   -5.773503e-01   -7.867958e-01    1.146457e-02
78   -5.773503e-01   -2.182179e-01   -7.867958e-01    1.146457e-02
79   -2.182179e-01   -2.182179e-01   -9.511897e-01    1.581267e-02
