-4.330127018922192761e+00
-4.296165238381626672e+00
-4.262203457841060583e+00
-4.228241677300494494e+00
-4.194279896759927517e+00
-4.160318116219361428e+00
-4.126356335678795340e+00
-4.092394555138229251e+00
-4.058432774597663162e+00
-4.024470994057097073e+00
-3.990509213516530540e+00
-3.956547432975964451e+00
-3.922585652435398362e+00
-3.888623871894832273e+00
-3.854662091354266185e+00
-3.820700310813700096e+00
-3.786738530273134007e+00
-3.752776749732567030e+00
-3.718814969192000941e+00
-3.684853188651434852e+00
-3.650891408110868763e+00
-3.616929627570302674e+00
-3.582967847029735697e+00
-3.549006066489169609e+00
-3.515044285948603520e+00
-3.481082505408037431e+00
-3.447120724867471342e+00
-3.413158944326905253e+00
-3.379197163786338720e+00
-3.345235383245772631e+00
-3.311273602705206098e+00
-3.277311822164640009e+00
-3.243350041624073921e+00
-3.209388261083507832e+00
-3.175426480542941743e+00
-3.141464700002375210e+00
-3.107502919461809121e+00
-3.073541138921242588e+00
-3.039579358380676499e+00
-3.005617577840110410e+00
-2.971655797299544322e+00
-2.937694016758977789e+00
-2.903732236218411700e+00
-2.869770455677845167e+00
-2.835808675137279078e+00
-2.801846894596712989e+00
-2.767885114056146900e+00
-2.733923333515580811e+00
-2.699961552975014278e+00
-2.665999772434448190e+00
-2.632037991893882101e+00
-2.598076211353316012e+00
-2.564114430812749479e+00
-2.530152650272183390e+00
-2.496190869731617301e+00
-2.462229089191051212e+00
-2.428267308650484679e+00
-2.394305528109918590e+00
-2.360343747569352502e+00
-2.326381967028786413e+00
-2.292420186488219880e+00
-2.258458405947653791e+00
-2.224496625407087702e+00
-2.190534844866521169e+00
-2.156573064325955080e+00
-2.122611283785388991e+00
-2.088649503244822458e+00
-2.054687722704256370e+00
-2.020725942163690281e+00
-1.986764161623123748e+00
-1.952802381082557659e+00
-1.918840600541991570e+00
-1.884878820001425481e+00
-1.850917039460858948e+00
-1.816955258920292859e+00
-1.782993478379726771e+00
-1.749031697839160238e+00
-1.715069917298594149e+00
-1.681108136758028060e+00
-1.647146356217461527e+00
-1.613184575676895438e+00
-1.579222795136329349e+00
-1.545261014595762816e+00
-1.511299234055196727e+00
-1.477337453514630639e+00
-1.443375672974064106e+00
-1.409413892433498017e+00
-1.375452111892931928e+00
-1.341490331352365617e+00
-1.307528550811799528e+00
-1.273566770271233217e+00
-1.239604989730667128e+00
-1.205643209190100817e+00
-1.171681428649534729e+00
-1.137719648108968640e+00
-1.103757867568402107e+00
-1.069796087027836018e+00
-1.035834306487269929e+00
-1.001872525946703396e+00
-9.679107454061373073e-01
-9.339489648655712184e-01
-8.999871843250046854e-01
-8.660254037844385966e-01
-8.320636232438725077e-01
-7.981018427033064189e-01
-7.641400621627403300e-01
-7.301782816221734640e-01
-6.962165010816073751e-01
-6.622547205410412863e-01
-6.282929400004750864e-01
-5.943311594599089975e-01
-5.603693789193429087e-01
-5.264075983787760427e-01
-4.924458178382099538e-01
-4.584840372976438649e-01
-4.245222567570777761e-01
-3.905604762165116872e-01
-3.565986956759455984e-01
-3.226369151353794540e-01
-2.886751345948125880e-01
-2.547133540542464991e-01
-2.207515735136804103e-01
-1.867897929731143214e-01
-1.528280124325482048e-01
-1.188662318919821159e-01
-8.490445135141524990e-02
-5.094267081084914717e-02
-1.698089027028304790e-02
1.698089027028304790e-02
5.094267081084914717e-02
8.490445135141524990e-02
1.188662318919813526e-01
1.528280124325482048e-01
1.867897929731143214e-01
2.207515735136804103e-01
2.547133540542464991e-01
2.886751345948125880e-01
3.226369151353787323e-01
3.565986956759455984e-01
3.905604762165116872e-01
4.245222567570777761e-01
4.584840372976438649e-01
4.924458178382099538e-01
5.264075983787760427e-01
5.603693789193421315e-01
5.943311594599089975e-01
6.282929400004750864e-01
6.622547205410412863e-01
6.962165010816073751e-01
7.301782816221734640e-01
7.641400621627395529e-01
7.981018427033064189e-01
8.320636232438725077e-01
8.660254037844385966e-01
8.999871843250046854e-01
9.339489648655707743e-01
9.679107454061368632e-01
1.001872525946703840e+00
1.035834306487269929e+00
1.069796087027836018e+00
1.103757867568402107e+00
1.137719648108968196e+00
1.171681428649534285e+00
1.205643209190100373e+00
1.239604989730667128e+00
1.273566770271233217e+00
1.307528550811799528e+00
1.341490331352365617e+00
1.375452111892931706e+00
1.409413892433497795e+00
1.443375672974064550e+00
1.477337453514630639e+00
1.511299234055196727e+00
1.545261014595762816e+00
1.579222795136328905e+00
1.613184575676894994e+00
1.647146356217461971e+00
1.681108136758028060e+00
1.715069917298594149e+00
1.749031697839160238e+00
1.782993478379726326e+00
1.816955258920292415e+00
1.850917039460858504e+00
1.884878820001425481e+00
1.918840600541991570e+00
1.952802381082557659e+00
1.986764161623123748e+00
2.020725942163689837e+00
2.054687722704255926e+00
2.088649503244822903e+00
2.122611283785388991e+00
2.156573064325955080e+00
2.190534844866521169e+00
2.224496625407087258e+00
2.258458405947653347e+00
2.292420186488219436e+00
2.326381967028786413e+00
2.360343747569352502e+00
2.394305528109918590e+00
2.428267308650484679e+00
2.462229089191050768e+00
2.496190869731616857e+00
2.530152650272183390e+00
2.564114430812749479e+00
2.598076211353316012e+00
2.632037991893882101e+00
2.665999772434448190e+00
2.699961552975014278e+00
2.733923333515580367e+00
2.767885114056146456e+00
2.801846894596712545e+00
2.835808675137278634e+00
2.869770455677846055e+00
2.903732236218412144e+00
2.937694016758978233e+00
2.971655797299544322e+00
3.005617577840110410e+00
3.039579358380676499e+00
3.073541138921242588e+00
3.107502919461808677e+00
3.141464700002374766e+00
3.175426480542940855e+00
3.209388261083506944e+00
3.243350041624073032e+00
3.277311822164640898e+00
3.311273602705206986e+00
3.345235383245773075e+00
3.379197163786339164e+00
3.413158944326905253e+00
3.447120724867471342e+00
3.481082505408037431e+00
3.515044285948603520e+00
3.549006066489169609e+00
3.582967847029735697e+00
3.616929627570301786e+00
3.650891408110867875e+00
3.684853188651433964e+00
3.718814969192001829e+00
3.752776749732567918e+00
3.786738530273134007e+00
3.820700310813700096e+00
3.854662091354266185e+00
3.888623871894832273e+00
3.922585652435398362e+00
3.956547432975964451e+00
3.990509213516530540e+00
4.024470994057096185e+00
4.058432774597662274e+00
4.092394555138228363e+00
4.126356335678794451e+00
4.160318116219362317e+00
4.194279896759928405e+00
4.228241677300494494e+00
4.262203457841060583e+00
4.296165238381626672e+00
4.330127018922192761e+00
