-3.088284313336451703e+00
-3.064062475584793610e+00
-3.039840637833135073e+00
-3.015618800081476536e+00
-2.991396962329817999e+00
-2.967175124578159462e+00
-2.942953286826500925e+00
-2.918731449074842832e+00
-2.894509611323184295e+00
-2.870287773571526202e+00
-2.846065935819867221e+00
-2.821844098068208684e+00
-2.797622260316550591e+00
-2.773400422564892054e+00
-2.749178584813233517e+00
-2.724956747061575424e+00
-2.700734909309916887e+00
-2.676513071558257906e+00
-2.652291233806599813e+00
-2.628069396054941276e+00
-2.603847558303283183e+00
-2.579625720551624646e+00
-2.555403882799965665e+00
-2.531182045048307572e+00
-2.506960207296649035e+00
-2.482738369544990498e+00
-2.458516531793332405e+00
-2.434294694041673868e+00
-2.410072856290015331e+00
-2.385851018538356794e+00
-2.361629180786698257e+00
-2.337407343035039720e+00
-2.313185505283381627e+00
-2.288963667531723090e+00
-2.264741829780064997e+00
-2.240519992028406016e+00
-2.216298154276747923e+00
-2.192076316525089386e+00
-2.167854478773430849e+00
-2.143632641021772312e+00
-2.119410803270114219e+00
-2.095188965518455682e+00
-2.070967127766797145e+00
-2.046745290015138607e+00
-2.022523452263480070e+00
-1.998301614511821755e+00
-1.974079776760163440e+00
-1.949857939008505125e+00
-1.925636101256846366e+00
-1.901414263505187829e+00
-1.877192425753529514e+00
-1.852970588001871199e+00
-1.828748750250212662e+00
-1.804526912498554125e+00
-1.780305074746895810e+00
-1.756083236995237273e+00
-1.731861399243578736e+00
-1.707639561491920421e+00
-1.683417723740262106e+00
-1.659195885988603569e+00
-1.634974048236945032e+00
-1.610752210485286717e+00
-1.586530372733628402e+00
-1.562308534981969643e+00
-1.538086697230311328e+00
-1.513864859478653013e+00
-1.489643021726994254e+00
-1.465421183975335939e+00
-1.441199346223677624e+00
-1.416977508472018865e+00
-1.392755670720360550e+00
-1.368533832968702235e+00
-1.344311995217043920e+00
-1.320090157465385161e+00
-1.295868319713726846e+00
-1.271646481962068531e+00
-1.247424644210409994e+00
-1.223202806458751457e+00
-1.198980968707093142e+00
-1.174759130955434605e+00
-1.150537293203776290e+00
-1.126315455452117753e+00
-1.102093617700459216e+00
-1.077871779948800901e+00
-1.053649942197142586e+00
-1.029428104445483827e+00
-1.005206266693825512e+00
-9.809844289421670860e-01
-9.567625911905085490e-01
-9.325407534388501229e-01
-9.083189156871918080e-01
-8.840970779355333820e-01
-8.598752401838747339e-01
-8.356534024322164189e-01
-8.114315646805581039e-01
-7.872097269288994559e-01
-7.629878891772410299e-01
-7.387660514255827149e-01
-7.145442136739240668e-01
-6.903223759222657518e-01
-6.661005381706073258e-01
-6.418787004189486778e-01
-6.176568626672903628e-01
-5.934350249156320478e-01
-5.692131871639736218e-01
-5.449913494123153068e-01
-5.207695116606563257e-01
-4.965476739089980107e-01
-4.723258361573396402e-01
-4.481039984056812697e-01
-4.238821606540229547e-01
-3.996603229023645842e-01
-3.754384851507056586e-01
-3.512166473990472881e-01
-3.269948096473889732e-01
-3.027729718957306027e-01
-2.785511341440722322e-01
-2.543292963924138617e-01
-2.301074586407555189e-01
-2.058856208890965933e-01
-1.816637831374382506e-01
-1.574419453857798801e-01
-1.332201076341215373e-01
-1.089982698824631668e-01
-8.477643213080481022e-02
-6.055459437914589849e-02
-3.633275662748754187e-02
-1.211091887582918004e-02
1.211091887582918004e-02
3.633275662748754187e-02
6.055459437914589849e-02
8.477643213080425511e-02
1.089982698824631668e-01
1.332201076341215373e-01
1.574419453857798801e-01
1.816637831374382506e-01
2.058856208890965933e-01
2.301074586407549638e-01
2.543292963924138617e-01
2.785511341440722322e-01
3.027729718957306027e-01
3.269948096473889732e-01
3.512166473990472881e-01
3.754384851507056586e-01
3.996603229023640291e-01
4.238821606540229547e-01
4.481039984056812697e-01
4.723258361573396402e-01
4.965476739089980107e-01
5.207695116606563257e-01
5.449913494123147517e-01
5.692131871639736218e-01
5.934350249156320478e-01
6.176568626672903628e-01
6.418787004189486778e-01
6.661005381706071038e-01
6.903223759222654188e-01
7.145442136739243999e-01
7.387660514255827149e-01
7.629878891772410299e-01
7.872097269288994559e-01
8.114315646805577709e-01
8.356534024322161969e-01
8.598752401838745119e-01
8.840970779355333820e-01
9.083189156871918080e-01
9.325407534388501229e-01
9.567625911905085490e-01
9.809844289421668639e-01
1.005206266693825290e+00
1.029428104445484049e+00
1.053649942197142586e+00
1.077871779948800901e+00
1.102093617700459216e+00
1.126315455452117531e+00
1.150537293203775846e+00
1.174759130955434827e+00
1.198980968707093142e+00
1.223202806458751457e+00
1.247424644210409994e+00
1.271646481962068309e+00
1.295868319713726624e+00
1.320090157465384939e+00
1.344311995217043920e+00
1.368533832968702235e+00
1.392755670720360550e+00
1.416977508472018865e+00
1.441199346223677402e+00
1.465421183975335717e+00
1.489643021726994698e+00
1.513864859478653013e+00
1.538086697230311328e+00
1.562308534981969643e+00
1.586530372733627958e+00
1.610752210485286495e+00
1.634974048236944810e+00
1.659195885988603569e+00
1.683417723740262106e+00
1.707639561491920421e+00
1.731861399243578736e+00
1.756083236995237051e+00
1.780305074746895366e+00
1.804526912498554347e+00
1.828748750250212662e+00
1.852970588001871199e+00
1.877192425753529514e+00
1.901414263505187829e+00
1.925636101256846144e+00
1.949857939008504459e+00
1.974079776760162996e+00
1.998301614511821311e+00
2.022523452263479626e+00
2.046745290015139052e+00
2.070967127766797589e+00
2.095188965518455682e+00
2.119410803270114219e+00
2.143632641021772312e+00
2.167854478773430849e+00
2.192076316525089386e+00
2.216298154276747479e+00
2.240519992028406016e+00
2.264741829780064108e+00
2.288963667531722646e+00
2.313185505283381183e+00
2.337407343035040608e+00
2.361629180786698701e+00
2.385851018538357238e+00
2.410072856290015331e+00
2.434294694041673868e+00
2.458516531793332405e+00
2.482738369544990498e+00
2.506960207296649035e+00
2.531182045048307572e+00
2.555403882799965665e+00
2.579625720551624202e+00
2.603847558303282295e+00
2.628069396054940832e+00
2.652291233806600257e+00
2.676513071558258794e+00
2.700734909309916887e+00
2.724956747061575424e+00
2.749178584813233517e+00
2.773400422564892054e+00
2.797622260316550591e+00
2.821844098068208684e+00
2.846065935819867221e+00
2.870287773571525314e+00
2.894509611323183851e+00
2.918731449074842388e+00
2.942953286826500481e+00
2.967175124578159906e+00
2.991396962329818443e+00
3.015618800081476536e+00
3.039840637833135073e+00
3.064062475584793610e+00
3.088284313336451703e+00
